400
4
271
73
83
123
55
21
40
357
363
52
76
317
143
199
263
96
67
16
159
76
19
224
132
243
224
39
72
184
375
248
187
247
320
57
369
162
77
196
306
227
35
381
144
177
368
195
273
35
210
219
110
16
43
30
258
267
255
330
238
231
365
25
265
74
81
22
23
344
5
117
171
39
285
103
215
253
85
275
288
82
281
185
97
112
214
142
166
70
259
4
88
13
215
140
86
295
161
295
27
352
12
384
390
297
87
392
150
358
56
38
40
336
223
323
235
224
66
1
81
112
4
355
124
218
95
396
300
43
292
114
394
303
99
384
200
185
165
138
144
220
175
370
156
185
294
391
197
147
391
65
46
183
21
357
188
302
353
276
345
33
389
127
124
88
299
111
61
64
248
391
283
211
361
39
183
43
217
379
189
396
45
235
366
252
192
154
154
332
217
286
153
207
14
276
82
312
386
142
375
235
320
258
46
70
84
228
112
89
395
301
85
227
323
238
79
302
391
20
22
209
94
174
203
107
50
284
206
224
214
368
59
134
14
291
203
284
119
103
372
301
191
244
128
114
82
393
203
261
201
224
257
294
186
60
188
23
131
393
246
344
149
304
266
162
382
69
46
289
171
19
190
149
50
318
262
319
99
252
180
299
264
37
193
50
283
380
72
14
161
106
146
309
197
12
71
180
267
304
69
226
110
258
374
159
363
237
78
250
276
45
149
140
81
130
376
151
110
236
165
59
341
98
367
138
109
226
317
375
130
385
201
239
32
176
185
182
200
51
32
76
95
181
4
363
310
379
114
207
215
66
53
156
163
21
82
271
34
398
35
163
172
235
189
390
198
373
172
185
211
204
49
306
172
52
269
269
218
170
76
34
236
316
376
186
336
58
58
369
244
279
319
16
114
108
193
100
268
364
284
